-0.000074 0.000874 -0.000526 -0.001723 0.003346 -0.003452 -0.002448 0.001007 0.000886 0.001269 0.000255 0.000788 -0.001451 0.000311 0.000460 0.000478 
-0.000041 -0.000365 -0.001270 0.005463 -0.003735 -0.002821 0.003263 0.001361 -0.000898 0.001505 -0.000943 -0.000456 0.000360 -0.000997 -0.000516 0.000090 
-0.000078 -0.000893 0.002143 -0.002122 -0.000219 0.006179 -0.000290 -0.003791 0.000479 0.001758 -0.002934 -0.000180 -0.000907 0.001191 0.000026 -0.000363 
-0.000439 0.000827 0.000916 -0.000737 0.002906 -0.000408 -0.001939 0.003591 0.004250 -0.009138 -0.000390 -0.000957 0.001856 0.001096 -0.000726 -0.000715 
0.000439 0.000878 -0.000660 0.001017 -0.000406 -0.000248 0.006050 -0.000374 -0.013207 0.001918 0.002754 0.003445 0.002637 -0.003919 -0.000277 -0.000049 
0.000651 0.000166 0.000042 0.000005 0.000661 -0.005807 -0.007001 -0.004201 0.010402 0.006982 0.003919 -0.000746 -0.006870 0.001663 0.000403 -0.000277 
0.000070 -0.000095 0.000335 0.000063 -0.002104 0.006785 -0.000115 0.002206 -0.000377 -0.001328 -0.005669 -0.003467 0.004052 0.000844 -0.001980 0.000780 
-0.000129 0.000079 -0.001284 0.001355 -0.000830 -0.005261 0.006291 0.002096 -0.001608 -0.003181 0.001040 0.003196 -0.000861 -0.003703 0.001594 0.001207 
-0.000164 -0.000016 0.000866 -0.004146 0.005638 0.004222 -0.015098 0.003370 0.001231 0.002050 0.000469 -0.002735 -0.001919 0.004239 0.002707 -0.000715 
-0.000029 -0.001235 0.000565 0.003399 -0.006465 0.000122 0.021876 -0.019370 -0.003803 0.002228 -0.001684 0.001869 0.004247 0.000256 -0.001554 -0.000421 
0.000181 -0.000344 -0.003337 -0.001742 0.002779 -0.002961 -0.012062 0.026032 0.003629 -0.018038 0.010403 0.002782 -0.005329 -0.002074 0.000037 0.000041 
0.000228 0.001724 0.003130 -0.000422 -0.001392 0.001551 0.001955 -0.017261 0.003262 0.024664 -0.020851 -0.006512 0.008477 0.002131 -0.001141 0.000445 
-0.000286 -0.000055 -0.000883 0.002874 0.000262 -0.002382 -0.004127 0.007753 -0.005162 -0.010247 0.017608 0.000703 -0.005999 -0.000441 0.000496 -0.000114 
0.000077 -0.000589 0.001353 -0.002711 0.000062 0.000608 0.002716 -0.003649 0.001854 0.000892 -0.005256 0.006571 -0.000805 -0.000692 -0.000107 -0.000320 
-0.000354 -0.000359 -0.002958 0.000472 0.000028 0.001398 0.002098 0.001743 -0.002367 0.001120 -0.000406 -0.000209 0.003028 -0.002292 -0.000785 -0.000159 
-0.000042 -0.000634 0.001592 -0.000834 -0.000461 0.002395 -0.001126 -0.000865 0.001653 -0.002296 0.001365 -0.004015 -0.000535 0.002363 0.001365 0.000076 
